Well identifier,Surface,X,Y,Z,MD,TWT picked,Z * -1,VINT,TWT auto
21/30-13Z,Balder,376591.46,6329489.55,-6288.21,7044,,6288.21,6421.422408,1958.51
21/30-14,Balder,377222.07,6326681.26,-6667.89,6758,,6667.89,6511.611328,2048
21/30-17,Balder,375554.78,6324142.56,-6595.99,6684,,6595.99,6558.116875,2011.55
21/30-18,Balder,376822.31,6322431.78,-6453.66,6697,,6453.66,6533.267869,1975.63
22/26a-1,Balder,381153.02,6326939.93,-7553.62,7634,,7553.62,6575.226323,2297.6
22/27a-1,Balder,392876.87,6329892.3,-8830.56,8920,,8830.56,6519.953632,2708.78
29/01c-9Z,Balder,383866.13,6317638.58,-7340.12,8052,,7340.12,6464.24687,2270.99
21/30-1,Ekofisk,377065.34,6328976.89,-6809.8,6898,2089.39,6809.8,6528.393594,2086.21
21/30-13Z,Ekofisk,376463.44,6329679.17,-7438.32,8420,2172,7438.32,6935.496503,2145
21/30-15,Ekofisk,376376.72,6327989.62,-7111.88,7202,2161.72,7111.88,6608.417698,2152.37
22/26a-1,Ekofisk,381147.96,6326934.89,-8691.38,8772,2548.37,8691.38,6826.78124,2546.26
22/27a-1,Ekofisk,392867.65,6329902.34,-10067.72,10158,2735.12,10067.72,6882.193504,2925.73
29/01c-9Z,Ekofisk,383846.7,6317612.36,-7908.64,8633,2309.41,7908.64,6572.049444,2406.75
21/30-13Z,Forties,376564.52,6329534.14,-6512.46,7326,,6512.46,6497.094372,2004.73
21/30-14,Forties,377221.81,6326680.83,-6812.88,6903,,6812.88,6543.327619,2082.39
21/30-15,Forties,376375.71,6327990.37,-6756.9,6847,,6756.9,6531.750558,2068.94
21/30-17,Forties,375554.69,6324143,-6672.97,6761,,6672.97,6577.789388,2028.94
22/26a-1,Forties,381151.09,6326938,-7988.52,8069,,7988.52,6660.791188,2398.67
22/27a-1,Forties,392875.53,6329894.46,-9027.38,9117,,9027.38,6570.432479,2747.88
21/30-1,Fulmar,377065.1,6328993.51,-8116.37,8206,,8116.37,6961.940951,2331.64
21/30-18,Fulmar,376629.6,6322677.96,-9412.04,9871,,9412.04,7276.778501,2586.87
22/27a-1,Fulmar,392831.25,6329913.25,-14653.91,14746,,14653.91,8220.987377,3565
21/30-17,GOC,375555.12,6324141.4,-6387.02,6475,,6387.02,6500.882965,1964.97
21/30-18,Heather,376635.61,6322662.57,-9115.97,9570,,9115.97,7211.801888,2528.07
21/30-13Z,Hod,376446.68,6329702.29,-7629.59,8633,,7629.59,7024.402594,2172.31
21/30-17,Hod,375554.33,6324145.8,-7107.87,7196,,7107.87,6712.059832,2117.94
21/30-18,Hod,376755.89,6322487.69,-6904.63,7231,,6904.63,6618.511738,2086.46
22/26a-1,Hordaland Group,381164.41,6326944.8,-3846,3926,,3846,6179.206632,1244.82
21/30-1,Kimmeridge_Clay,377065.22,6328985.52,-7741.32,7830,2270.47,7741.32,6874.268513,2252.26
21/30-18,Kimmeridge_Clay,376642.08,6322645.15,-8806.93,9255,2478.57,8806.93,7176.266877,2454.46
21/30-13Z,Kimmeridge_Clay,376306.46,6329929.41,-9531.26,10730,2549.34,9531.26,7808.731843,2441.18
22/27a-1,Kimmeridge_Clay,392836.14,6329911.1,-14080.18,14172,3458,14080.18,8160.909281,3450.64
21/30-13Z,Lista,376492.03,6329641.18,-7153.26,8095,,7153.26,6801.842792,2103.33
21/30-15,Lista,376375.81,6327990.3,-6793.9,6884,,6793.9,6541.118476,2077.29
21/30-17,Lista,375554.65,6324143.2,-6706.97,6795,,6706.97,6586.502863,2036.58
21/30-18,Lista,376806.74,6322441.68,-6550.23,6811,,6550.23,6548.363716,2000.57
21/30-13Z,Maureen,376487.94,6329646.61,-7192.34,8140,,7192.34,6820.293016,2109.1
21/30-14,Maureen,377221.61,6326680.55,-6933.88,7024,,6933.88,6565.987709,2112.06
21/30-15,Maureen,376376.14,6327990.06,-6906.89,6997,,6906.89,6561.648846,2105.23
21/30-17,Maureen,375554.53,6324143.87,-6823.94,6912,,6823.94,6612.409035,2063.98
21/30-18,Maureen,376782.53,6322461.45,-6713.69,7004,,6713.69,6566.85512,2044.72
22/26a-1,Maureen,381149.63,6326936.55,-8315.46,8396,,8315.46,6744.388436,2465.89
22/27a-1,Maureen,392870.52,6329900.14,-9660.89,9751,,9660.89,6748.316569,2863.2
29/01c-9Z,Maureen,383847.8,6317613.78,-7801.82,8526,,7801.82,6548.034999,2382.95
21/30-1,Seabed,377065.94,6328934.98,-319.01,405,128.53,319.01,4950.496586,128.88
21/30-13Z,Seabed,376971.32,6329000.83,-318,407.99,128.69,318,4953.656827,128.39
21/30-14,Seabed,377223.42,6326688.56,-310.01,400,124.54,310.01,5019.998381,123.51
21/30-15,Seabed,376373.9,6327995.35,-321.01,411,125.45,321.01,5132.054357,125.1
21/30-17,Seabed,375538.03,6324126.75,-314.01,400,127.74,314.01,4928.739601,127.42
21/30-18,Seabed,377062.02,6322331.83,-314,389,127.19,314,4875.776398,128.8
22/26a-1,Seabed,381163.06,6326945.78,-291.01,371,119.55,291.01,4897.9214,118.83
22/27a-1,Seabed,392880,6329819.07,-296.76,382,118.47,296.76,4956.739602,119.74
29/01c-9Z,Seabed,384330,6318269,-291,377.5,113.77,291,5165.986153,112.66
21/30-1,Sele,377065.4,6328973.11,-6388.99,6477,1994.14,6388.99,6423.387239,1989.29
21/30-13Z,Sele,376577.35,6329512.91,-6403.51,7190,1988.16,6403.51,6447.18971,1986.45
21/30-14,Sele,377221.9,6326680.99,-6755.88,6846,2073.82,6755.88,6531.459066,2068.72
21/30-15,Sele,376375.44,6327990.57,-6663.91,6754,2061.1,6663.91,6512.112654,2046.62
21/30-17,Sele,375554.73,6324142.79,-6635.98,6724,2024.38,6635.98,6568.97644,2020.4
21/30-18,Sele,376814.6,6322436.36,-6500.12,6752,2020.02,6500.12,6541.06708,1987.48
22/26a-1,Sele,381151.61,6326938.52,-7871.55,7952,2377.41,7871.55,6643.218837,2369.8
22/27a-1,Sele,392876.17,6329893.46,-8933.46,9023,2735.12,8933.46,6548.761312,2728.29
29/01c-9Z,Sele,383858.74,6317628.5,-7467.64,8186,2309.41,7467.64,6488.352897,2301.86
21/30-18,Skagerrak,376629.42,6322678.44,-9421.89,9881,,9421.89,7279.919334,2588.46
21/30-13Z,Smith_Bank,376262.56,6330020.25,-9951.68,11266,,9951.68,7929.941432,2509.9
21/30-14,Tay_Sand,377222.57,6326681.75,-6469.9,6560,,6469.9,6479.262534,1997.11
21/30-15,Tay_Sand,376374.76,6327991.1,-6414.93,6505,,6414.93,6472.372304,1982.25
21/30-17,Tay_Sand,375555.26,6324141.02,-6319.04,6407,,6319.04,6484.990918,1948.82
22/26a-1,Tay_Sand,381153.6,6326940.5,-7424.64,7505,,7424.64,6541.878866,2269.88
21/30-14,Tay_Shale,377223.26,6326682.56,-6161.92,6252,,6161.92,6447.7487,1911.34
21/30-17,Tay_Shale,375554.96,6324141.88,-6474.01,6562,,6474.01,6526.581615,1983.89
21/30-13Z,Tor,376461.77,6329681.42,-7456.08,8440,,7456.08,6943.768742,2147.56
21/30-14,Tor,377221.15,6326680.15,-7119.86,7210,2162.75,7119.86,6609.230826,2154.52
21/30-17,Tor,375554.37,6324145.05,-7004.9,7093,2112.36,7004.9,6661.879809,2102.98
21/30-18,Tor,376762.63,6322480.68,-6855.01,7172,2094.25,6855.01,6594.621375,2078.97
22/27a-1,Tor,392865.4,6329902.8,-10399.63,10490,,10399.63,7000.360127,2971.17
21/30-1,Valhall,377065.29,6328980.61,-7317.65,7406,2164.25,7317.65,6764.953314,2163.4
21/30-18,Valhall,376670.04,6322586.7,-7864,8288,2254.25,7864,7017.199456,2241.35
21/30-13Z,Valhall,376386.62,6329788.66,-8421.54,9497,2283,8421.54,7377.317583,2283.09
22/27a-1,Valhall,392839.02,6329909.83,-13742.34,13834,3414.31,13742.34,8107.431727,3390.06
21/30-1,Zechstein,377065.09,6328994.67,-8160.21,8250,,8160.21,6979.370333,2338.38
21/30-1,Ekofisk,377065.34,6328976.89,-6809.8,6898,2089.39,6809.8,6528.393594,2086.21
21/30-13Z,Ekofisk,376463.44,6329679.17,-7438.32,8420,2172,7438.32,6935.496503,2145
21/30-14,Tor,377221.15,6326680.15,-7119.86,7210,2162.75,7119.86,6609.230826,2154.52
21/30-15,Ekofisk,376376.72,6327989.62,-7111.88,7202,2161.72,7111.88,6608.417698,2152.37
21/30-17,Tor,375554.37,6324145.05,-7004.9,7093,2112.36,7004.9,6661.879809,2102.98
21/30-18,Tor,376762.63,6322480.68,-6855.01,7172,2094.25,6855.01,6594.621375,2078.97
22/26a-1,Ekofisk,381147.96,6326934.89,-8691.38,8772,2548.37,8691.38,6826.78124,2546.26
22/27a-1,Ekofisk,392867.65,6329902.34,-10067.72,10158,2735.12,10067.72,6882.193504,2925.73
29/01c-9Z,Ekofisk,383846.7,6317612.36,-7908.64,8633,2309.41,7908.64,6572.049444,2406.75
